1746711606 1
1746713973 2
1747073282 3
1747082286 4
1747083324 5
1747147238 6
1747151382 7
1747152805 8
1747153422 9
1747153591 10
1747156061 11
1747158325 12
1747161927 13
1747165567 14
1747228185 15
1747253635 16
1747253704 17
1747254042 18
1747254940 19
1747406584 20
1747622860 21
1747661365 22
1747668230 23
1747671422 24
1747677340 25
1747683988 26
1747762646 27
1747763601 28
1747763938 29
1747765641 30
1747766184 31
1747839804 32
1747848037 33
1747848429 34
1747848521 35
1747852736 36
1747853838 37
1747856331 38
1747858580 39
1747860497 40
1747939244 41
1747941840 42
1747942933 43
1747946392 44
1747947466 45
1748014299 46
1748015058 47
1748015948 48
1748017916 49
1748021005 50
1748192463 51
1748356024 52
1748356090 53
1748361452 54
1748367972 55
1748368535 56
1748374089 57
1748379256 58
1748444954 59
1748448644 60
1748463257 61
1748524957 62
1748529278 63
1748531323 64
1748533680 65
1748539319 66
1748545330 67
1748545505 68
1748550656 69
1748628961 70
1748629360 71
1748832920 72
1748873869 73
1748878494 74
1748879845 75
1748892255 76
1748893624 77
1748895792 78
1748959027 79
1748959929 80
1748967573 81
1748973909 82
1748975766 83
1748978039 84
1748983093 85
1749057464 86
1749059113 87
1749065245 88
1749065322 89
1749066004 90
1749133511 91
1749138282 92
1749138955 93
1749141412 94
1749146832 95
1749147677 96
1749162649 97
1749217907 98
1749231559 99
1749231672 100
1749235109 101
1749235622 102
1749236869 103
1749475423 104
1749477182 105
1749482967 106
1749483129 107
1749483446 108
1749484207 109
1749489119 110
1749497772 111
1749499057 112
1749566946 113
1749569536 114
1749573870 115
1749579641 116
1749587515 117
1749587995 118
1749649227 119
1749655080 120
1749657499 121
1749669516 122
1749673342 123
1749734754 124
1749737291 125
1749745696 126
1749746336 127
1749748834 128
1749750290 129
1749760715 130
1749822661 131
1749837052 132
1749843384 133
1749846352 134
1750086409 135
1750091094 136
1750098987 137
1750103989 138
1750105678 139
1750168369 140
1750173066 141
1750174190 142
1750180854 143
1750183187 144
1750189352 145
1750192488 146
1750255124 147
1750260472 148
1750304871 149
1750379761 150
1750430326 151
1750435874 152
1750439536 153
1750540480 154
1750684379 155
1750693121 156
1750697316 157
1750702934 158
1750771291 159
1750773405 160
1750783337 161
1750787181 162
1750792366 163
1750793845 164
1750795917 165
