1746711606 846893
1746713973 846963
1747073282 854963
1747082286 855071
1747083324 855106
1747147238 855241
1747151382 855381
1747152805 855416
1747153422 855439
1747153591 855440
1747156061 855470
1747158325 855553
1747161927 855672
1747165567 855673
1747228185 900757
1747253635 908175
1747253704 908203
1747254042 908228
1747254940 908230
1747406584 908410
1747622860 908789
1747661365 908972
1747668230 909467
1747671422 909562
1747677340 909846
1747683988 909899
1747762646 910334
1747763601 910395
1747763938 910402
1747765641 910606
1747766184 910608
1747839804 910878
1747848037 911013
1747848429 911015
1747848521 911016
1747852736 911280
1747853838 911360
1747856331 911522
1747858580 911625
1747860497 911703
1747939244 912062
1747941840 912162
1747942933 912178
1747946392 912416
1747947466 912419
1748014299 912539
1748015058 912576
1748015948 913000
1748017916 913116
1748021005 913120
1748192463 913283
1748356024 913284
1748356090 915693
1748361452 915839
1748367972 915944
1748368535 916053
1748374089 916675
1748379256 916714
1748444954 917533
1748448644 917772
1748463257 918665
1748524957 918694
1748529278 918800
1748531323 919007
1748533680 919084
1748539319 919385
1748545330 919429
1748545505 919433
1748550656 919571
1748628961 920657
1748629360 920657
1748832920 921190
1748873869 921951
1748878494 922012
1748879845 922039
1748892255 922870
1748893624 922877
1748895792 922930
1748959027 923113
1748959929 923116
1748967573 923151
1748973909 923743
1748975766 924128
1748978039 924146
1748983093 924200
1749057464 924528
1749059113 924530
1749065245 924715
1749065322 924733
1749066004 927200
1749133511 927313
1749138282 927506
1749138955 927634
1749141412 927707
1749146832 927756
1749147677 927801
1749162649 927817
1749217907 927963
1749231559 927965
1749231672 927983
1749235109 928547
1749235622 928565
1749236869 928663
1749475423 928681
1749477182 929201
1749482967 929271
1749483129 929291
1749483446 929293
1749484207 929298
1749489119 929490
1749497772 929754
1749499057 929755
1749566946 930542
1749569536 930918
1749573870 931103
1749579641 931234
1749587515 931462
1749587995 931462
1749649227 931474
1749655080 931593
1749657499 931668
1749669516 931845
1749673342 932290
1749734754 932323
1749737291 932755
1749745696 933238
1749746336 933720
1749748834 934038
1749750290 934056
1749760715 934226
1749822661 934247
1749837052 934951
1749843384 935404
1749846352 935815
1750086409 937843
1750091094 937871
1750098987 938093
1750103989 938192
1750105678 938230
1750168369 938552
1750173066 938681
1750174190 938695
1750180854 939075
1750183187 939335
1750189352 939393
1750192488 939913
1750255124 939925
1750260472 940177
1750304871 940707
1750379761 966075
1750430326 966334
1750435874 966636
1750439536 966781
1750540480 967816
1750684379 968881
1750693121 969496
1750697316 969567
1750702934 969767
1750771291 970071
1750773405 970197
1750783337 971119
1750787181 971971
1750792366 973102
1750793845 973174
1750795917 973778
