1746711606 846893
1746713973 846962
1747073282 854868
1747082286 854947
1747083324 854982
1747147238 855067
1747151382 855205
1747152805 855238
1747153422 855257
1747153591 855257
1747156061 855283
1747158325 855349
1747161927 855448
1747165567 855449
1747228185 900531
1747253635 907949
1747253704 907977
1747254042 908000
1747254940 908002
1747406584 908059
1747622860 908342
1747661365 908348
1747668230 908733
1747671422 908795
1747677340 908938
1747683988 908963
1747762646 909201
1747763601 909260
1747763938 908417
1747765641 908616
1747766184 908617
1747839804 908809
1747848037 908899
1747848429 908839
1747848521 908840
1747852736 909103
1747853838 909165
1747856331 909324
1747858580 909402
1747860497 909428
1747939244 909626
1747941840 909663
1747942933 909660
1747946392 909678
1747947466 909636
1748014299 909749
1748015058 909776
1748015948 909989
1748017916 910078
1748021005 910057
1748192463 910132
1748356024 910133
1748356090 912542
1748361452 912661
1748367972 912758
1748368535 912867
1748374089 913245
1748379256 913257
1748444954 913860
1748448644 913980
1748463257 914486
1748524957 914485
1748529278 914542
1748531323 914590
1748533680 914642
1748539319 914942
1748545330 914981
1748545505 914985
1748550656 915123
1748628961 916203
1748629360 916203
1748832920 916338
1748873869 916704
1748878494 916739
1748879845 916754
1748892255 917567
1748893624 917567
1748895792 917610
1748959027 917598
1748959929 917597
1748967573 917600
1748973909 917595
1748975766 917964
1748978039 917979
1748983093 918031
1749057464 918191
1749059113 918191
1749065245 918090
1749065322 918108
1749066004 920575
1749133511 920645
1749138282 920690
1749138955 920694
1749141412 920718
1749146832 920763
1749147677 920802
1749162649 920814
1749217907 920938
1749231559 920938
1749231672 920956
1749235109 921304
1749235622 921322
1749236869 921328
1749475423 921346
1749477182 921865
1749482967 921893
1749483129 921071
1749483446 920641
1749484207 920642
1749489119 920833
1749497772 917210
1749499057 917211
1749566946 917997
1749569536 918108
1749573870 918164
1749579641 918193
1749587515 918294
1749587995 918273
1749649227 918282
1749655080 918309
1749657499 918340
1749669516 918491
1749673342 918624
1749734754 918600
1749737291 918892
1749745696 918964
1749746336 919268
1749748834 919219
1749750290 919237
1749760715 919379
1749822661 919395
1749837052 919751
1749843384 920180
1749846352 920208
1750086409 922226
1750091094 922251
1750098987 922429
1750103989 922525
1750105678 922557
1750168369 922878
1750173066 923006
1750174190 923006
1750180854 923383
1750183187 923570
1750189352 923618
1750192488 923930
1750255124 923929
1750260472 924178
1750304871 924230
1750379761 867542
1750430326 867745
1750435874 867894
1750439536 868035
1750540480 868866
1750684379 869815
1750693121 870320
1750697316 870187
1750702934 870339
1750771291 870641
1750773405 870599
1750783337 871519
1750787181 871895
1750792366 873023
1750793845 873084
1750795917 873669
